%YAML:1.0

cam0:
  T_imu_cam:
    - [-0.007833522307011, -0.380019805539581,  0.92494517855164,   0.15524348094987]
    - [-0.999914958535792,  0.012621343551658, -0.003282892522787, -0.27421788299908]
    - [-0.010426486686833, -0.924892236471152, -0.380086357675146,  0.210794675576068]
    - [ 0.,                 0.,                 0.,                 1.               ]
  cam_overlaps: []
  camera_model: pinhole
  distortion_coeffs: [-0.034643738563733845, 0.028118963147165027, 0.00048742415927187604, -0.0003729749435374049]
  distortion_model: radtan
  intrinsics: [643.0669220754221, 643.3892680728896, 640.8965046836516, 363.44238771193847]
  resolution: [1280, 720]
  rostopic: /camera/color/image_raw
  timeshift_cam_imu: -0.001699709075379593