%YAML:1.0

cam0:
  T_imu_cam:
    - [ 0.9999841,   0.00313525,  0.00468789,  0.03362858]
    - [-0.00313962, 0.99999464,  0.00092585, -0.00123677]
    - [-0.00468496, -0.00094056,  0.99998858,  0.01837596]
    - [ 0.0,          0.0,          0.0,          1.0    ]
  cam_overlaps: []
  camera_model: pinhole
  distortion_coeffs: [-0.034643738563733845, 0.028118963147165027, 0.00048742415927187604, -0.0003729749435374049]
  distortion_model: radtan
  intrinsics: [643.0669220754221, 643.3892680728896, 640.8965046836516, 363.44238771193847]
  resolution: [1280, 720]
  rostopic: /camera/color/image_raw
  timeshift_cam_imu: 0.001279326779087187