%YAML:1.0

cam0:
  T_imu_cam:
    - [ 0.999945834641327,  0.004605356402204,  0.009333727865623,  0.029781276233247]
    - [-0.004596779849193,  0.9999889928318,   -0.000940122471363,  0.00462488157686 ]
    - [-0.009337954726753,  0.000897166457122,  0.999955997878842,  0.016377531061898]
    - [ 0.,                 0.,                 0.,                 1.               ]


  cam_overlaps: []
  camera_model: pinhole
  distortion_coeffs: [-0.04225622520649304, 0.0330477115266949, 2.40893394943444e-05, 0.0005179264244306619]
  distortion_model: radtan
  intrinsics: [644.745811728725, 644.2392759275876, 644.2315964763521, 363.3851267416156]
  resolution: [1280, 720]
  rostopic: /camera/color/image_raw
  timeshift_cam_imu: 0.003442830736991854