%YAML:1.0

cam0:
  T_imu_cam:
    - [ 0.999945834641327,  0.004605356402204,  0.009333727865623,  0.029781276233247]
    - [-0.004596779849193,  0.9999889928318,   -0.000940122471363,  0.00462488157686 ]
    - [-0.009337954726753,  0.000897166457122,  0.999955997878842,  0.016377531061898]
    - [ 0.,                 0.,                 0.,                 1.               ]


  cam_overlaps: []
  camera_model: pinhole
  distortion_coeffs: [-0.04407122269145438, 0.033963400805485315, -0.0005374983452540765, 0.0007215119041700905]
  distortion_model: radtan
  intrinsics: [643.369615973939, 642.5184309230197, 644.4469211735305, 362.28549153296893]
  resolution: [1280, 720]
  rostopic: /camera/color/image_raw
  timeshift_cam_imu: 0.003442830736991854